Transitive group number 1084 of degree 16

Order: 1024

Transitivity: 1

Eigenvalues: [(825, 1), (1, 80), (1, 80), (1, 80), (1, 80), (1, 80), (1, 80), (1, 80), (1, 80), (-7, 12), (-7, 12), (-7, 12), (-7, 12), (25, 16), (25, 16), (25, 16), (25, 16), (1, 80), (1, 80), (1, 80), (1, 80), (1, 80), (1, 80), (1, 80), (1, 80), (-7, 12), (-7, 12), (-7, 12), (-7, 12), (25, 16), (25, 16), (25, 16), (25, 16), (1, 80), (1, 80), (1, 80), (1, 80), (1, 80), (1, 80), (1, 80), (1, 80), (25, 16), (25, 16), (25, 16), (25, 16), (25, 16), (25, 16), (25, 16), (25, 16), (1, 80), (1, 80), (1, 80), (1, 80), (1, 80), (1, 80), (1, 80), (1, 80), (-7, 12), (-7, 12), (-7, 12), (-7, 12), (-199, 3), (-199, 3), (-199, 3), (1, 80), (1, 80), (1, 80), (-31, 16), (5, 192), (5, 192), (-3, 192), (-3, 192), (-3, 192), (-3, 192), (5, 192), (5, 192), (-3, 192), (-3, 192), (5, 192), (5, 192), (-3, 192), (-3, 192), (5, 192), (5, 192), (-3, 192), (-3, 192), (5, 192), (5, 192), (-3, 192), (-3, 192), (5, 192), (5, 192), (-1, 256), (-1, 256), (3, 192), (3, 192), (-1, 256), (-1, 256), (3, 192), (-13, 64)]

EKR Property: True as ['Group has a clique of size n']

EKRM Property: None as []

Strict EKR Property: None as []

Abelian: False

Nilpotent: True

Primitive: False

