Transitive group number 1086 of degree 16

Order: 1024

Transitivity: 1

Eigenvalues: [(849, 1), (1, 400), (1, 400), (1, 400), (1, 400), (1, 400), (1, 400), (49, 4), (49, 4), (1, 400), (1, 400), (1, 400), (1, 400), (1, 400), (1, 400), (-175, 3), (1, 400), (1, 400), (1, 400), (1, 400), (1, 400), (1, 400), (49, 4), (49, 4), (1, 400), (1, 400), (1, 400), (1, 400), (1, 400), (1, 400), (-175, 3), (-175, 3), (1, 400), (-7, 48), (1, 400), (9, 48), (1, 400), (-7, 48), (1, 400), (9, 48), (1, 400), (-7, 48), (1, 400), (9, 48), (1, 400), (-7, 48), (1, 400), (9, 48), (9, 48), (1, 400), (1, 400), (-7, 48), (9, 48), (1, 400), (1, 400), (-7, 48), (1, 400), (1, 400), (9, 48), (-7, 48), (1, 400), (1, 400), (9, 48), (-7, 48), (1, 400), (1, 400), (1, 400), (-63, 8), (1, 400), (1, 400), (1, 400), (-63, 8), (1, 400), (9, 48), (1, 400), (-7, 48), (1, 400), (9, 48), (1, 400), (-7, 48), (1, 400), (9, 48), (1, 400), (-7, 48), (1, 400), (9, 48), (1, 400), (-7, 48), (-1, 384), (-1, 384), (-1, 384), (7, 64), (-1, 384), (-1, 384), (-1, 384), (-9, 64), (1, 400)]

EKR Property: True as ['Group has a clique of size n']

EKRM Property: True as ['The group has an n-clique and every module not in the permutation representation contains a maximum coclique']

Strict EKR Property: None as []

Abelian: False

Nilpotent: True

Primitive: False

