Transitive group number 465 of degree 16

Order: 256

Transitivity: 1

Eigenvalues: [(213, 1), (-3, 24), (-3, 24), (-3, 24), (-3, 24), (-43, 3), (-43, 3), (-43, 3), (-3, 24), (-3, 24), (-3, 24), (-3, 24), (5, 36), (5, 36), (5, 36), (5, 36), (-3, 24), (-3, 24), (-3, 24), (-3, 24), (-3, 24), (-3, 24), (-3, 24), (-3, 24), (5, 36), (5, 36), (5, 36), (5, 36), (5, 36), (5, 36), (5, 36), (5, 36), (5, 36), (5, 36), (-3, 24), (5, 36), (-3, 24), (5, 36), (5, 36), (5, 36), (1, 144), (1, 144), (1, 144), (-7, 48), (1, 144), (1, 144), (1, 144), (-7, 48), (1, 144), (1, 144), (1, 144), (-7, 48)]

EKR Property: True as ['Group has a clique of size n']

EKRM Property: None as []

Strict EKR Property: None as []

Abelian: False

Nilpotent: True

Primitive: False

