Transitive group number 800 of degree 16

Order: 512

Transitivity: 1

Eigenvalues: [(413, 1), (13, 24), (13, 24), (-3, 54), (-3, 54), (-3, 54), (-3, 54), (13, 24), (13, 24), (-3, 54), (-3, 54), (-3, 54), (-3, 54), (13, 24), (13, 24), (13, 24), (13, 24), (-3, 54), (-3, 54), (-3, 54), (-3, 54), (-3, 54), (-3, 54), (-3, 54), (-3, 54), (13, 24), (13, 24), (-3, 54), (-3, 54), (13, 24), (13, 24), (-99, 1), (-3, 54), (5, 36), (5, 36), (-3, 54), (5, 36), (-3, 54), (13, 24), (-43, 12), (5, 36), (-3, 54), (-3, 54), (5, 36), (5, 36), (-3, 54), (13, 24), (-43, 12), (5, 36), (5, 36), (-3, 54), (13, 24), (-3, 54), (-3, 54), (5, 36), (-43, 12), (1, 320), (1, 320), (1, 320), (1, 320), (1, 320), (1, 320), (1, 320), (1, 320), (1, 320), (1, 320), (1, 320), (-7, 64)]

EKR Property: True as ['Group has a clique of size n']

EKRM Property: None as []

Strict EKR Property: None as []

Abelian: False

Nilpotent: True

Primitive: False

