Transitive group number 878 of degree 16

Order: 512

Transitivity: 1

Eigenvalues: [(409, 1), (1, 160), (1, 160), (1, 160), (1, 160), (9, 8), (9, 8), (9, 8), (9, 8), (1, 160), (1, 160), (1, 160), (1, 160), (25, 2), (25, 2), (-103, 1), (1, 160), (9, 8), (-39, 4), (1, 160), (-3, 32), (-3, 32), (5, 32), (5, 32), (-3, 32), (-3, 32), (5, 32), (5, 32), (1, 160), (1, 160), (1, 160), (1, 160), (-3, 32), (5, 32), (-1, 128), (-1, 128), (3, 64), (3, 64), (-1, 128), (-1, 128), (11, 32), (-21, 32), (1, 160), (-15, 16), (-1, 128), (-1, 128), (3, 64), (3, 64), (-1, 128), (-1, 128), (11, 32), (-21, 32), (1, 160)]

EKR Property: True as ['Group has a clique of size n']

EKRM Property: None as []

Strict EKR Property: None as []

Abelian: False

Nilpotent: True

Primitive: False

