Transitive group number 894 of degree 16

Order: 512

Transitivity: 1

Eigenvalues: [(425, 1), (1, 32), (1, 32), (1, 32), (1, 32), (-87, 3), (-87, 3), (-87, 3), (1, 32), (1, 32), (1, 32), (1, 32), (9, 12), (9, 12), (9, 12), (9, 12), (1, 32), (9, 12), (1, 32), (9, 12), (-3, 96), (-3, 96), (-3, 96), (-3, 96), (5, 96), (5, 96), (5, 96), (5, 96), (5, 96), (5, 96), (5, 96), (5, 96), (-3, 96), (-3, 96), (-3, 96), (-3, 96), (-3, 96), (-3, 96), (-3, 96), (-3, 96), (5, 96), (5, 96), (5, 96), (5, 96), (5, 96), (-3, 96), (-3, 96), (5, 96), (1, 32), (-15, 16), (5, 96), (-3, 96), (-1, 128), (-1, 128), (3, 96), (3, 96), (-1, 128), (-1, 128), (3, 96), (3, 96), (-1, 128), (-1, 128), (3, 96), (3, 96), (-1, 128), (-1, 128), (-13, 32), (-13, 32)]

EKR Property: True as ['Group has a clique of size n']

EKRM Property: None as []

Strict EKR Property: None as []

Abelian: False

Nilpotent: True

Primitive: False

