Transitive group number 919 of degree 16

Order: 512

Transitivity: 1

Eigenvalues: [(425, 1), (1, 160), (1, 160), (1, 160), (1, 160), (9, 18), (9, 18), (9, 18), (9, 18), (1, 160), (1, 160), (1, 160), (1, 160), (9, 18), (9, 18), (-87, 1), (-3, 48), (-3, 48), (-3, 48), (13, 16), (-3, 48), (-3, 48), (-3, 48), (13, 16), (-3, 48), (-3, 48), (-3, 48), (13, 16), (1, 160), (1, 160), (9, 18), (-39, 12), (1, 160), (9, 18), (1, 160), (-39, 12), (-3, 48), (-3, 48), (-3, 48), (13, 16), (1, 160), (1, 160), (9, 18), (-39, 12), (1, 160), (1, 160), (1, 160), (1, 160), (-1, 128), (-1, 128), (3, 96), (3, 96), (-1, 128), (-1, 128), (3, 96), (-13, 32), (-1, 128), (-1, 128), (3, 96), (3, 96), (-1, 128), (-1, 128), (3, 96), (-13, 32), (1, 160)]

EKR Property: True as ['Group has a clique of size n']

EKRM Property: None as []

Strict EKR Property: None as []

Abelian: False

Nilpotent: True

Primitive: False

