Transitive group number 940 of degree 16

Order: 512

Transitivity: 1

Eigenvalues: [(413, 1), (13, 8), (-3, 102), (13, 8), (-99, 1), (13, 8), (-3, 102), (13, 8), (13, 8), (13, 8), (-3, 102), (-3, 102), (-3, 102), (-3, 102), (13, 8), (13, 8), (5, 156), (5, 156), (5, 156), (-43, 4), (5, 156), (5, 156), (5, 156), (5, 156), (-3, 102), (-3, 102), (-3, 102), (-3, 102), (-3, 102), (5, 156), (-3, 102), (5, 156), (5, 156), (-3, 102), (5, 156), (-19, 48), (5, 156), (-3, 102), (5, 156), (-19, 48), (-3, 102), (5, 156), (5, 156), (-19, 48), (1, 192), (1, 192), (1, 192)]

EKR Property: True as ['Group has a clique of size n']

EKRM Property: None as []

Strict EKR Property: None as []

Abelian: False

Nilpotent: True

Primitive: False

