Transitive group number 188 of degree 18

Order: 648

Transitivity: 1

Eigenvalues: [(557, 1), (-1, 375), (-1, 375), (-1, 375), (-1, 375), (-1, 375), (-1, 375), (-1, 375), (-91, 2), (-91, 2), (-1, 375), (-1, 375), (-1, 375), (-1, 375), (-1, 375), (-1, 375), (-1, 375), (-1, 375), (5, 225), (-25, 45), (-1, 375), (-1, 375), (5, 225), (5, 225), (-1, 375), (-1, 375), (5, 225), (5, 225), (-25, 45), (-25, 45), (-1, 375), (-1, 375), (-1, 375), (-1, 375), (-1, 375), (-1, 375), (-1, 375), (-1, 375), (-1, 375), (-1, 375), (-1, 375), (-1, 375), (-1, 375), (-1, 375), (-1, 375), (-1, 375), (5, 225), (5, 225), (-1, 375), (-1, 375), (-1, 375), (-1, 375), (-1, 375), (-1, 375), (5, 225), (5, 225), (5, 225), (5, 225), (-1, 375), (-1, 375), (-1, 375), (-1, 375), (-1, 375), (-1, 375), (-1, 375), (-1, 375), (5, 225), (5, 225), (5, 225), (5, 225), (-25, 45), (-25, 45), (5, 225), (5, 225), (5, 225), (5, 225), (5, 225), (5, 225), (-1, 375), (-1, 375), (-1, 375), (-1, 375), (-1, 375), (-1, 375), (5, 225), (5, 225), (5, 225), (5, 225)]

EKR Property: True as ['Group has a clique of size n']

EKRM Property: None as []

Strict EKR Property: None as []

Abelian: False

Nilpotent: False

Primitive: False

