Transitive group number 189 of degree 18

Order: 648

Transitivity: 1

Eigenvalues: [(520, 1), (4, 114), (4, 114), (-128, 1), (4, 114), (4, 114), (4, 114), (4, 114), (16, 8), (16, 8), (16, 8), (16, 8), (28, 12), (16, 8), (4, 114), (-8, 24), (-8, 24), (-56, 8), (-56, 8), (4, 114), (4, 114), (-8, 24), (-8, 24), (28, 12), (28, 12), (-8, 24), (-8, 24), (1, 288), (1, 288), (-2, 144), (-14, 48), (1, 288), (1, 288), (1, 288), (1, 288), (-2, 144), (-2, 144), (4, 114), (4, 114), (-2, 144), (-2, 144), (-2, 144), (-2, 144), (-2, 144), (-2, 144), (-14, 48), (-14, 48), (4, 114), (4, 114), (4, 114), (4, 114), (1, 288), (1, 288), (1, 288)]

EKR Property: True as ['Group has a clique of size n']

EKRM Property: None as []

Strict EKR Property: None as []

Abelian: False

Nilpotent: False

Primitive: False

