Transitive group number 203 of degree 18

Order: 648

Transitivity: 1

Eigenvalues: [(548, 1), (8, 10), (-1, 192), (-1, 192), (-1, 192), (-1, 192), (-46, 4), (-1, 192), (-1, 192), (8, 10), (-28, 9), (-1, 192), (-1, 192), (-1, 192), (-1, 192), (5, 108), (5, 108), (-31, 36), (-31, 36), (-1, 192), (-1, 192), (-1, 192), (-1, 192), (2, 288), (2, 288), (2, 288), (2, 288), (-1, 192), (-1, 192), (-1, 192), (-1, 192), (5, 108), (5, 108), (-31, 36), (-31, 36), (2, 288), (2, 288), (2, 288), (2, 288), (2, 288), (2, 288), (2, 288), (2, 288), (5, 108), (5, 108), (-1, 192), (-1, 192), (2, 288), (2, 288)]

EKR Property: None as []

EKRM Property: None as []

Strict EKR Property: False as ['Group does not have the EKR property']

Abelian: False

Nilpotent: False

Primitive: False

