Transitive group number 237 of degree 18

Order: 972

Transitivity: 1

Eigenvalues: [(766, 1), (64, 2), (-206, 1), (64, 2), (-20, 4), (-20, 4), (34, 4), (34, 4), (-20, 4), (-20, 4), (34, 4), (34, 4), (-71, 8), (-71, 8), (1, 384), (1, 384), (7, 52), (7, 52), (7, 52), (7, 52), (-2, 192), (-2, 192), (-2, 192), (-2, 192), (1, 384), (-2, 192), (-2, 192), (1, 384), (1, 384), (4, 144), (4, 144), (4, 144), (4, 144), (-11, 36), (7, 52), (-2, 192), (-2, 192), (-2, 192), (-2, 192), (1, 384), (1, 384), (1, 384), (1, 384), (1, 384), (1, 384), (1, 384), (1, 384), (13, 72), (13, 72), (-23, 72), (-23, 72)]

EKR Property: True as ['Group has a clique of size n']

EKRM Property: None as []

Strict EKR Property: None as []

Abelian: False

Nilpotent: False

Primitive: False

