Transitive group number 241 of degree 18

Order: 972

Transitivity: 1

Eigenvalues: [(766, 1), (64, 2), (-206, 1), (64, 2), (1, 384), (1, 384), (1, 384), (1, 384), (1, 384), (1, 384), (1, 384), (1, 384), (-71, 8), (-71, 8), (-20, 4), (34, 4), (1, 384), (1, 384), (1, 384), (1, 384), (-2, 192), (-2, 192), (-2, 192), (-2, 192), (4, 144), (4, 144), (4, 144), (4, 144), (4, 144), (4, 144), (4, 144), (4, 144), (1, 384), (1, 384), (1, 384), (1, 384), (1, 384), (1, 384), (1, 384), (1, 384), (-11, 36), (-11, 36), (7, 52), (7, 52), (-11, 36), (-11, 36), (7, 52), (7, 52), (7, 52), (-2, 192), (-2, 192), (4, 144), (4, 144), (1, 384), (1, 384), (1, 384), (1, 384), (-2, 192), (-2, 192), (-2, 192), (-2, 192), (-23, 72), (-23, 72), (13, 72), (13, 72), (1, 384)]

EKR Property: True as ['Group has a clique of size n']

EKRM Property: None as []

Strict EKR Property: None as []

Abelian: False

Nilpotent: False

Primitive: False

