Transitive group number 266 of degree 18

Order: 1152

Transitivity: 1

Eigenvalues: [(809, 1), (-1, 36), (113, 2), (-1, 36), (113, 2), (-1, 36), (-7, 1), (-1, 36), (-1, 36), (-1, 36), (-115, 8), (53, 8), (-1, 36), (-1, 36), (-115, 8), (53, 8), (-11, 36), (3, 108), (13, 36), (-5, 108), (13, 36), (3, 108), (-11, 36), (-5, 108), (-5, 108), (-5, 108), (3, 108), (3, 108), (13, 36), (-11, 36), (13, 36), (-11, 36), (-1, 36), (-31, 16), (1, 468), (3, 108), (1, 468), (-5, 108), (-5, 108), (3, 108), (1, 468), (1, 468), (1, 468), (15, 162), (1, 468), (15, 162), (1, 468), (-9, 81), (1, 468), (-25, 81)]

EKR Property: True as ['Group has a clique of size n']

EKRM Property: None as []

Strict EKR Property: None as []

Abelian: False

Nilpotent: False

Primitive: False

