Transitive group number 284 of degree 18

Order: 1296

Transitivity: 1

Eigenvalues: [(1097, 1), (-1, 750), (17, 1), (-1, 750), (-1, 750), (-1, 750), (-1, 750), (-1, 750), (-1, 750), (-1, 750), (-1, 750), (-1, 750), (-91, 4), (-1, 750), (-1, 750), (-1, 750), (-1, 750), (-1, 750), (5, 450), (11, 45), (5, 450), (-61, 45), (-1, 750), (-1, 750), (5, 450), (5, 450), (-1, 750), (-1, 750), (5, 450), (5, 450), (-1, 750), (-1, 750), (-1, 750), (-1, 750), (-1, 750), (-1, 750), (-1, 750), (-1, 750), (-1, 750), (-1, 750), (-1, 750), (-1, 750), (-1, 750), (-1, 750), (-1, 750), (-1, 750), (11, 45), (11, 45), (-1, 750), (-1, 750), (-61, 45), (-61, 45), (-1, 750), (-1, 750), (5, 450), (5, 450), (-1, 750), (-1, 750), (5, 450), (5, 450), (-1, 750), (-1, 750), (-1, 750), (-1, 750), (-1, 750), (-1, 750), (-1, 750), (-1, 750), (-1, 750), (-1, 750), (11, 45), (11, 45), (-1, 750), (-1, 750), (-61, 45), (-61, 45), (-1, 750), (-1, 750), (5, 450), (-1, 750), (-1, 750), (5, 450), (5, 450), (5, 450), (5, 450), (5, 450), (5, 450), (5, 450), (-1, 750), (-1, 750), (-1, 750), (-1, 750), (-1, 750), (-1, 750), (5, 450), (5, 450), (-1, 750), (-1, 750)]

EKR Property: True as ['Group has a clique of size n']

EKRM Property: None as []

Strict EKR Property: None as []

Abelian: False

Nilpotent: False

Primitive: False

