Transitive group number 327 of degree 18

Order: 1458

Transitivity: 1

Eigenvalues: [(1237, 1), (-221, 5), (-221, 5), (-221, 5), (-221, 5), (-221, 5), (4, 360), (4, 360), (4, 360), (4, 360), (4, 360), (4, 360), (4, 360), (4, 360), (4, 360), (4, 360), (4, 360), (4, 360), (-5, 120), (4, 360), (4, 360), (4, 360), (4, 360), (4, 360), (4, 360), (-5, 120), (-5, 120), (7, 180), (7, 180), (7, 180), (7, 180), (4, 360), (4, 360), (4, 360), (-5, 120), (-2, 720), (-2, 720), (4, 360), (4, 360), (4, 360), (4, 360), (-5, 120), (-5, 120), (4, 360), (4, 360), (-2, 720), (-2, 720), (-2, 720), (-2, 720), (7, 180), (7, 180), (-2, 720), (-2, 720), (-2, 720), (-2, 720), (7, 180), (7, 180), (-11, 72), (-11, 72), (-2, 720), (-2, 720), (-2, 720), (-2, 720), (-2, 720), (-2, 720), (-2, 720), (-2, 720), (-2, 720), (-2, 720)]

EKR Property: True as ['Group has a clique of size n']

EKRM Property: None as []

Strict EKR Property: None as []

Abelian: False

Nilpotent: False

Primitive: False

