Transitive group number 328 of degree 18

Order: 1458

Transitivity: 1

Eigenvalues: [(1129, 1), (-329, 1), (4, 72), (4, 72), (49, 8), (49, 8), (4, 72), (4, 72), (4, 72), (4, 72), (4, 72), (4, 72), (49, 8), (49, 8), (4, 72), (4, 72), (4, 72), (4, 72), (4, 72), (4, 72), (4, 72), (49, 8), (40, 24), (40, 24), (40, 24), (40, 24), (4, 72), (4, 72), (-14, 48), (-14, 48), (4, 72), (4, 72), (-14, 48), (-14, 48), (-14, 48), (-14, 48), (-14, 48), (-14, 48), (-14, 48), (-14, 48), (4, 72), (4, 72), (40, 24), (40, 24), (-14, 48), (-14, 48), (4, 72), (4, 72), (-140, 8), (-140, 8), (4, 72), (4, 72), (4, 72), (4, 72), (-2, 432), (-2, 432), (7, 144), (7, 144), (-2, 432), (-2, 432), (-2, 432), (-2, 432), (-2, 432), (-2, 432), (-20, 72), (-20, 72), (7, 144), (7, 144), (-2, 432), (-2, 432), (-2, 432), (-2, 432), (1, 648), (1, 648), (1, 648), (1, 648), (1, 648)]

EKR Property: True as ['Group has a clique of size n']

EKRM Property: None as []

Strict EKR Property: None as []

Abelian: False

Nilpotent: False

Primitive: False

