Transitive group number 331 of degree 18

Order: 1458

Transitivity: 1

Eigenvalues: [(1165, 1), (-293, 1), (4, 144), (4, 144), (4, 144), (4, 144), (31, 8), (31, 8), (4, 144), (4, 144), (4, 144), (4, 144), (31, 8), (31, 8), (4, 144), (4, 144), (4, 144), (4, 144), (31, 8), (-131, 8), (-131, 8), (4, 144), (4, 144), (4, 144), (4, 144), (4, 144), (4, 144), (4, 144), (4, 144), (4, 144), (-2, 504), (-2, 504), (25, 72), (25, 72), (-29, 72), (-29, 72), (-2, 504), (-2, 504), (-2, 504), (-2, 504), (-2, 504), (-2, 504), (-2, 504), (-2, 504), (-2, 504), (-2, 504), (-2, 504), (-2, 504), (1, 648), (1, 648), (1, 648), (1, 648), (1, 648)]

EKR Property: True as ['Group has a clique of size n']

EKRM Property: None as []

Strict EKR Property: None as []

Abelian: False

Nilpotent: False

Primitive: False

