Transitive group number 336 of degree 18

Order: 1944

Transitivity: 1

Eigenvalues: [(1549, 1), (-17, 3), (-17, 3), (-17, 3), (-395, 2), (-395, 2), (7, 96), (7, 96), (7, 96), (7, 96), (7, 96), (7, 96), (61, 6), (61, 6), (61, 6), (61, 6), (61, 6), (61, 6), (37, 9), (-89, 9), (-11, 90), (-11, 90), (7, 96), (7, 96), (7, 96), (7, 96), (-11, 90), (-11, 90), (-41, 72), (-41, 72), (-5, 216), (-5, 216), (13, 288), (13, 288), (13, 288), (13, 288), (1, 768), (1, 768), (1, 768), (-2, 384), (-2, 384), (-2, 384), (-2, 384), (-2, 384), (-2, 384), (-5, 216), (13, 288), (1, 768), (1, 768), (1, 768), (1, 768)]

EKR Property: True as ['Group has a clique of size n']

EKRM Property: None as []

Strict EKR Property: None as []

Abelian: False

Nilpotent: False

Primitive: False

