Transitive group number 341 of degree 18

Order: 1944

Transitivity: 1

Eigenvalues: [(1414, 1), (118, 2), (-98, 2), (226, 2), (-530, 1), (118, 2), (-98, 2), (226, 2), (10, 8), (10, 8), (-152, 8), (-152, 8), (1, 768), (1, 768), (1, 768), (1, 768), (-20, 8), (34, 8), (-20, 8), (34, 8), (1, 768), (1, 768), (-2, 384), (-2, 384), (7, 104), (7, 104), (1, 768), (1, 768), (1, 768), (1, 768), (4, 288), (4, 288), (4, 288), (4, 288), (-11, 72), (7, 104), (7, 104), (-11, 72), (4, 288), (4, 288), (4, 288), (4, 288), (-2, 384), (1, 768), (1, 768), (-2, 384), (-2, 384), (1, 768), (1, 768), (13, 144), (-23, 144)]

EKR Property: True as ['Group has a clique of size n']

EKRM Property: None as []

Strict EKR Property: None as []

Abelian: False

Nilpotent: False

Primitive: False

