Transitive group number 349 of degree 18

Order: 1944

Transitivity: 1

Eigenvalues: [(1468, 1), (64, 10), (-20, 20), (-20, 20), (88, 2), (88, 2), (-206, 4), (34, 8), (34, 8), (-116, 9), (64, 10), (16, 18), (16, 18), (-20, 20), (-20, 20), (1, 768), (1, 768), (1, 768), (1, 768), (-2, 384), (-2, 384), (-2, 384), (-2, 384), (-2, 384), (-2, 384), (-2, 384), (-2, 384), (25, 36), (-11, 108), (-59, 72), (-59, 72), (13, 216), (13, 216), (-11, 108), (-11, 108), (13, 216), (13, 216), (13, 216), (13, 216), (1, 768), (1, 768), (-2, 384), (-2, 384), (-2, 384), (-2, 384), (4, 288), (4, 288), (1, 768), (1, 768), (1, 768), (1, 768)]

EKR Property: True as ['A weighting on derangement classes gives EKR']

EKRM Property: None as []

Strict EKR Property: None as []

Abelian: False

Nilpotent: False

Primitive: False

