Transitive group number 372 of degree 18

Order: 2304

Transitivity: 1

Eigenvalues: [(1601, 1), (-1, 990), (449, 1), (-1, 990), (-127, 16), (-1, 990), (-127, 16), (-1, 990), (-1, 990), (-127, 16), (-1, 990), (-127, 16), (1, 1134), (-1, 990), (1, 1134), (-1, 990), (1, 1134), (-1, 990), (1, 1134), (-1, 990), (1, 1134), (-1, 990), (1, 1134), (-1, 990), (1, 1134), (-1, 990), (1, 1134), (-1, 990), (1, 1134), (-1, 990), (-1, 990), (1, 1134), (-1, 990), (1, 1134), (-1, 990), (1, 1134), (-1, 990), (1, 1134), (-1, 990), (1, 1134), (-1, 990), (1, 1134), (1, 1134), (63, 81), (1, 1134), (-65, 81), (1, 1134), (-1, 990)]

EKR Property: True as ['Group has a clique of size n']

EKRM Property: None as []

Strict EKR Property: None as []

Abelian: False

Nilpotent: False

Primitive: False

