Transitive group number 388 of degree 18

Order: 2592

Transitivity: 1

Eigenvalues: [(1696, 1), (64, 8), (64, 8), (16, 226), (16, 226), (64, 8), (64, 8), (-896, 1), (160, 8), (-32, 72), (160, 8), (-32, 72), (64, 8), (-80, 36), (4, 704), (4, 704), (16, 226), (16, 226), (-32, 72), (-8, 416), (16, 226), (-80, 36), (-32, 72), (-8, 416), (-80, 36), (16, 226), (4, 704), (4, 704), (16, 226), (16, 226), (16, 226), (-32, 72), (16, 226), (40, 32), (-32, 72), (40, 32), (16, 226), (16, 226), (-8, 416), (-8, 416), (-8, 416), (-8, 416), (4, 704), (-20, 64), (-8, 416), (4, 704), (-8, 416), (16, 226), (1, 512), (1, 512), (-2, 512), (4, 704), (-2, 512), (4, 704)]

EKR Property: True as ['Group has a clique of size n']

EKRM Property: None as []

Strict EKR Property: None as []

Abelian: False

Nilpotent: False

Primitive: False

