Transitive group number 400 of degree 18

Order: 2592

Transitivity: 1

Eigenvalues: [(1988, 1), (-28, 3), (-28, 3), (-28, 3), (-604, 2), (-604, 2), (80, 9), (8, 81), (-40, 18), (-16, 90), (32, 9), (56, 9), (-40, 18), (-16, 90), (68, 9), (-124, 9), (-1, 1344), (-1, 1344), (-1, 1344), (-1, 1344), (-1, 1344), (-1, 1344), (-1, 1344), (-1, 1344), (-1, 1344), (-1, 1344), (-1, 1344), (-1, 1344), (-16, 90), (8, 81), (-10, 72), (-34, 72), (-4, 144), (-4, 144), (14, 144), (14, 144), (-4, 144), (-4, 144), (14, 144), (14, 144), (-16, 90), (8, 81), (-10, 72), (-34, 72), (5, 576), (-1, 1344), (-1, 1344), (5, 576), (5, 576), (-1, 1344), (-1, 1344), (5, 576), (-1, 1344), (-1, 1344), (-1, 1344), (-1, 1344)]

EKR Property: True as ['Group has a clique of size n']

EKRM Property: None as []

Strict EKR Property: None as []

Abelian: False

Nilpotent: False

Primitive: False

