Transitive group number 407 of degree 18

Order: 2916

Transitivity: 1

Eigenvalues: [(1966, 1), (508, 2), (508, 2), (-950, 1), (4, 720), (4, 720), (4, 720), (4, 720), (4, 720), (4, 720), (4, 720), (4, 720), (-221, 8), (-221, 8), (-5, 240), (-5, 240), (4, 720), (4, 720), (4, 720), (4, 720), (4, 720), (4, 720), (4, 720), (4, 720), (-5, 240), (4, 720), (4, 720), (7, 360), (7, 360), (4, 720), (4, 720), (4, 720), (4, 720), (4, 720), (4, 720), (-5, 240), (-5, 240), (-5, 240), (-5, 240), (-5, 240), (-5, 240), (4, 720), (4, 720), (4, 720), (4, 720), (4, 720), (4, 720), (4, 720), (4, 720), (4, 720), (4, 720), (4, 720), (4, 720), (-2, 1440), (-11, 144), (-2, 1440), (7, 360), (7, 360), (-2, 1440), (-2, 1440), (-2, 1440), (-2, 1440), (-2, 1440), (-2, 1440), (-2, 1440), (-2, 1440)]

EKR Property: True as ['Group has a clique of size n']

EKRM Property: None as []

Strict EKR Property: None as []

Abelian: False

Nilpotent: False

Primitive: False

