Transitive group number 408 of degree 18

Order: 2916

Transitivity: 1

Eigenvalues: [(2452, 1), (22, 6), (-464, 5), (22, 6), (22, 6), (22, 6), (-464, 5), (-464, 5), (22, 6), (22, 6), (-464, 5), (-464, 5), (-5, 240), (-5, 240), (4, 720), (4, 720), (-5, 240), (-5, 240), (-5, 240), (-5, 240), (4, 720), (4, 720), (4, 720), (4, 720), (4, 720), (4, 720), (4, 720), (7, 360), (7, 360), (4, 720), (4, 720), (4, 720), (4, 720), (4, 720), (4, 720), (-5, 240), (-5, 240), (-2, 1440), (-5, 240), (4, 720), (4, 720), (4, 720), (-11, 144), (-2, 1440), (7, 360), (-2, 1440), (-2, 1440), (-2, 1440), (-2, 1440), (-2, 1440), (-2, 1440), (-2, 1440), (-2, 1440), (7, 360)]

EKR Property: True as ['Group has a clique of size n']

EKRM Property: None as []

Strict EKR Property: None as []

Abelian: False

Nilpotent: False

Primitive: False

