Transitive group number 410 of degree 18

Order: 2916

Transitivity: 1

Eigenvalues: [(1858, 1), (-1058, 1), (400, 2), (400, 2), (4, 144), (4, 144), (4, 144), (4, 144), (4, 144), (4, 144), (4, 144), (4, 144), (4, 144), (4, 144), (40, 48), (40, 48), (40, 48), (40, 48), (-140, 16), (49, 16), (4, 144), (4, 144), (4, 144), (4, 144), (4, 144), (4, 144), (40, 48), (40, 48), (-14, 96), (-14, 96), (4, 144), (4, 144), (-14, 96), (-14, 96), (-14, 96), (-14, 96), (-20, 144), (7, 288), (7, 288), (-2, 864), (-2, 864), (-2, 864), (-2, 864), (-2, 864), (-2, 864), (1, 1296)]

EKR Property: True as ['Group has a clique of size n']

EKRM Property: None as []

Strict EKR Property: None as []

Abelian: False

Nilpotent: False

Primitive: False

