Transitive group number 419 of degree 18

Order: 2916

Transitivity: 1

Eigenvalues: [(2290, 1), (-626, 2), (-626, 2), (4, 648), (4, 648), (4, 648), (4, 648), (4, 648), (4, 648), (-86, 9), (4, 648), (4, 648), (34, 36), (34, 36), (34, 36), (34, 36), (-20, 36), (-20, 36), (-20, 36), (-20, 36), (4, 648), (4, 648), (4, 648), (4, 648), (4, 648), (4, 648), (4, 648), (4, 648), (4, 648), (4, 648), (4, 648), (4, 648), (-5, 240), (-5, 240), (-5, 240), (-5, 240), (-5, 240), (-5, 240), (-23, 36), (31, 36), (-5, 240), (-5, 240), (-5, 240), (-5, 240), (-2, 1440), (-2, 1440), (-2, 1440), (-2, 1440), (43, 72), (43, 72), (-65, 72), (-65, 72), (-2, 1440), (-2, 1440), (-2, 1440), (-2, 1440), (4, 648), (-2, 1440), (-2, 1440), (-2, 1440), (-2, 1440), (4, 648), (4, 648), (-2, 1440), (-2, 1440), (7, 288), (7, 288), (-2, 1440), (-2, 1440)]

EKR Property: True as ['A weighting on derangement classes gives EKR']

EKRM Property: None as []

Strict EKR Property: None as []

Abelian: False

Nilpotent: False

Primitive: False

