Transitive group number 424 of degree 18

Order: 2916

Transitivity: 1

Eigenvalues: [(2290, 1), (184, 2), (184, 2), (-626, 1), (-221, 8), (-221, 8), (-5, 240), (-5, 240), (4, 648), (4, 648), (4, 648), (4, 648), (4, 648), (4, 648), (-20, 36), (-20, 36), (-20, 36), (-20, 36), (34, 36), (34, 36), (34, 36), (34, 36), (-5, 240), (4, 648), (4, 648), (4, 648), (4, 648), (4, 648), (4, 648), (4, 648), (-23, 36), (31, 36), (-5, 240), (-5, 240), (-2, 1440), (-2, 1440), (-2, 1440), (-2, 1440), (-2, 1440), (-2, 1440), (-2, 1440), (-2, 1440), (7, 288), (7, 288), (7, 288), (7, 288), (43, 72), (43, 72), (-65, 72), (-65, 72), (7, 288), (7, 288), (7, 288), (7, 288), (4, 648), (4, 648), (-5, 240), (4, 648), (-2, 1440), (-2, 1440), (-2, 1440), (-2, 1440), (-2, 1440), (-2, 1440), (-2, 1440), (-2, 1440)]

EKR Property: True as ['Group has a clique of size n']

EKRM Property: None as []

Strict EKR Property: None as []

Abelian: False

Nilpotent: False

Primitive: False

