Transitive group number 425 of degree 18

Order: 2916

Transitivity: 1

Eigenvalues: [(2182, 1), (76, 2), (-734, 1), (76, 2), (4, 144), (49, 16), (4, 144), (49, 16), (4, 144), (4, 144), (49, 16), (49, 16), (4, 144), (4, 144), (4, 144), (4, 144), (4, 144), (4, 144), (4, 144), (4, 144), (-140, 16), (40, 48), (-14, 96), (4, 144), (40, 48), (-14, 96), (40, 48), (-14, 96), (-14, 96), (4, 144), (4, 144), (4, 144), (-14, 96), (4, 144), (-14, 96), (4, 144), (34, 72), (34, 72), (-74, 72), (-74, 72), (-8, 648), (-8, 648), (10, 648), (10, 648), (-8, 648), (-8, 648), (10, 648), (10, 648), (-2, 864), (-2, 864), (7, 288), (7, 288), (-2, 864), (-2, 864), (-2, 864), (-2, 864), (-8, 648), (10, 648)]

EKR Property: True as ['Group has a clique of size n']

EKRM Property: None as []

Strict EKR Property: None as []

Abelian: False

Nilpotent: False

Primitive: False

