Transitive group number 438 of degree 18

Order: 3888

Transitivity: 1

Eigenvalues: [(2953, 1), (-17, 6), (145, 1), (-17, 6), (7, 84), (7, 84), (-47, 2), (-47, 2), (7, 84), (7, 84), (169, 2), (169, 2), (-17, 6), (-395, 4), (7, 84), (7, 84), (61, 8), (61, 8), (37, 18), (91, 9), (37, 18), (-269, 9), (-11, 180), (-11, 180), (-29, 54), (-29, 54), (-11, 180), (-11, 180), (43, 54), (43, 54), (7, 84), (-29, 54), (7, 84), (43, 54), (-5, 432), (-5, 432), (31, 72), (31, 72), (-5, 432), (-5, 432), (-113, 72), (-113, 72), (1, 1536), (1, 1536), (-2, 768), (-2, 768), (-2, 768), (-2, 768), (-11, 180), (-5, 432), (13, 576), (-5, 432), (13, 576), (13, 576), (13, 576), (1, 1536), (1, 1536), (1, 1536), (1, 1536), (1, 1536), (1, 1536), (1, 1536), (1, 1536), (1, 1536), (-2, 768), (-2, 768)]

EKR Property: True as ['Group has a clique of size n']

EKRM Property: None as []

Strict EKR Property: None as []

Abelian: False

Nilpotent: False

Primitive: False

