Transitive group number 439 of degree 18

Order: 3888

Transitivity: 1

Eigenvalues: [(2926, 1), (172, 3), (64, 3), (-98, 3), (172, 3), (172, 3), (64, 3), (64, 3), (-98, 3), (-98, 3), (-962, 2), (-962, 2), (7, 192), (61, 12), (7, 192), (7, 192), (61, 12), (61, 12), (-8, 9), (-44, 9), (118, 9), (-170, 9), (7, 192), (7, 192), (7, 192), (7, 192), (7, 192), (-11, 180), (-11, 180), (-11, 180), (-11, 180), (-11, 180), (1, 1536), (1, 1536), (1, 1536), (1, 1536), (1, 1536), (1, 1536), (13, 576), (-5, 432), (-5, 432), (13, 576), (-41, 144), (-5, 432), (13, 576), (13, 576), (-2, 768), (-2, 768), (-2, 768), (1, 1536), (1, 1536)]

EKR Property: True as ['Group has a clique of size n']

EKRM Property: None as []

Strict EKR Property: None as []

Abelian: False

Nilpotent: False

Primitive: False

