Transitive group number 449 of degree 18

Order: 3888

Transitivity: 1

Eigenvalues: [(2683, 1), (253, 1), (307, 1), (-179, 1), (37, 4), (-449, 4), (88, 4), (-20, 40), (-359, 9), (145, 9), (127, 9), (-17, 9), (34, 16), (1, 1536), (1, 1536), (1, 1536), (1, 1536), (1, 1536), (1, 1536), (1, 1536), (1, 1536), (25, 72), (-11, 216), (25, 72), (-11, 216), (16, 36), (-20, 40), (-11, 216), (-11, 216), (-11, 216), (-11, 216), (1, 1536), (1, 1536), (1, 1536), (1, 1536), (-2, 768), (-2, 768), (-2, 768), (-2, 768), (4, 576), (4, 576), (4, 576), (4, 576), (-59, 144), (13, 432), (13, 432), (13, 432), (-2, 768), (-2, 768), (1, 1536), (1, 1536)]

EKR Property: True as ['Group has a clique of size n']

EKRM Property: None as []

Strict EKR Property: None as []

Abelian: False

Nilpotent: False

Primitive: False

