Transitive group number 455 of degree 18

Order: 4374

Transitivity: 1

Eigenvalues: [(3469, 1), (-905, 1), (13, 16), (13, 16), (13, 16), (13, 16), (121, 8), (121, 8), (13, 16), (13, 16), (-41, 4), (-41, 4), (121, 8), (121, 8), (13, 16), (13, 16), (-41, 4), (-41, 4), (121, 8), (-14, 160), (-14, 160), (13, 16), (13, 16), (-14, 160), (-14, 160), (-392, 8), (-392, 8), (4, 864), (4, 864), (4, 864), (4, 864), (4, 864), (-11, 144), (-11, 144), (43, 72), (43, 72), (-11, 144), (-11, 144), (-20, 72), (-20, 72), (7, 468), (7, 468), (7, 468), (7, 468), (25, 144), (25, 144), (25, 144), (25, 144), (-83, 72), (-83, 72), (-14, 160), (-14, 160), (-14, 160), (-14, 160), (40, 72), (40, 72), (4, 864), (4, 864), (4, 864), (4, 864), (4, 864), (4, 864), (4, 864), (4, 864), (-5, 324), (-5, 324), (4, 864), (4, 864), (4, 864), (4, 864), (-5, 324), (-5, 324), (7, 468), (-2, 1944), (-2, 1944), (-2, 1944), (-2, 1944), (-2, 1944), (-2, 1944)]

EKR Property: True as ['Group has a clique of size n']

EKRM Property: None as []

Strict EKR Property: None as []

Abelian: False

Nilpotent: False

Primitive: False

