Transitive group number 456 of degree 18

Order: 4374

Transitivity: 1

Eigenvalues: [(3469, 1), (-905, 1), (121, 8), (121, 8), (121, 8), (121, 8), (-41, 4), (121, 8), (13, 16), (13, 16), (13, 16), (13, 16), (-392, 8), (-392, 8), (-14, 160), (-14, 160), (-14, 160), (-14, 160), (4, 864), (4, 864), (4, 864), (4, 864), (4, 864), (4, 864), (4, 864), (4, 864), (4, 864), (4, 864), (4, 864), (4, 864), (4, 864), (4, 864), (4, 864), (25, 144), (25, 144), (25, 144), (25, 144), (-83, 72), (-83, 72), (-11, 144), (-11, 144), (-11, 144), (-11, 144), (43, 72), (43, 72), (7, 468), (7, 468), (7, 468), (7, 468), (-20, 72), (-20, 72), (-14, 160), (-14, 160), (40, 72), (40, 72), (-14, 160), (-14, 160), (7, 468), (7, 468), (7, 468), (7, 468), (4, 864), (4, 864), (-5, 324), (-2, 1944), (-2, 1944), (-2, 1944), (-2, 1944), (-2, 1944), (-2, 1944)]

EKR Property: True as ['Group has a clique of size n']

EKRM Property: None as []

Strict EKR Property: None as []

Abelian: False

Nilpotent: False

Primitive: False

