Transitive group number 458 of degree 18

Order: 4374

Transitivity: 1

Eigenvalues: [(3709, 1), (-665, 5), (1, 384), (1, 384), (1, 384), (1, 384), (-665, 5), (1, 384), (1, 384), (1, 384), (1, 384), (1, 384), (-8, 960), (-8, 960), (-8, 960), (-8, 960), (-8, 960), (-8, 960), (4, 1440), (4, 1440), (4, 1440), (4, 1440), (4, 1440), (4, 1440), (4, 1440), (4, 1440), (4, 1440), (4, 1440), (4, 1440), (4, 1440), (16, 360), (16, 360), (16, 360), (16, 360), (1, 384), (1, 384), (1, 384), (1, 384), (1, 384), (1, 384), (1, 384), (1, 384), (4, 1440), (4, 1440), (4, 1440), (4, 1440), (16, 360), (16, 360), (16, 360), (16, 360), (16, 360), (16, 360), (16, 360), (16, 360), (1, 384), (1, 384), (1, 384), (1, 384), (4, 1440), (4, 1440), (4, 1440), (4, 1440), (4, 1440), (4, 1440), (4, 1440), (4, 1440), (16, 360), (1, 384), (4, 1440), (16, 360), (1, 384), (4, 1440), (16, 360), (1, 384), (4, 1440), (4, 1440), (4, 1440), (4, 1440), (4, 1440), (4, 1440), (-8, 960), (-8, 960), (4, 1440), (4, 1440), (-8, 960), (-8, 960), (-8, 960), (-8, 960), (-2, 1152), (-2, 1152), (4, 1440), (4, 1440), (-2, 1152), (-2, 1152), (-2, 1152), (-2, 1152), (-2, 1152), (-2, 1152), (-8, 960), (-8, 960), (4, 1440), (4, 1440), (-8, 960), (-8, 960), (-2, 1152), (-2, 1152), (4, 1440), (4, 1440), (-2, 1152), (-2, 1152), (-8, 960), (-8, 960), (-2, 1152), (-2, 1152), (-8, 960), (-8, 960), (4, 1440), (4, 1440), (-2, 1152), (-2, 1152), (-8, 960), (-8, 960), (4, 1440), (4, 1440), (-2, 1152), (-2, 1152), (-8, 960), (-8, 960), (4, 1440), (4, 1440), (1, 384), (1, 384), (-32, 72), (-32, 72), (-2, 1152), (-2, 1152), (-2, 1152), (-2, 1152), (-8, 960), (-8, 960), (4, 1440), (4, 1440), (-2, 1152), (-2, 1152), (-8, 960), (-8, 960), (4, 1440), (4, 1440), (-2, 1152), (-2, 1152), (-8, 960), (-8, 960), (4, 1440), (4, 1440), (16, 360), (16, 360), (1, 384), (1, 384), (4, 1440), (4, 1440), (4, 1440), (4, 1440), (-8, 960), (-8, 960), (-2, 1152), (-2, 1152), (16, 360), (16, 360), (-2, 1152), (-2, 1152), (-2, 1152), (-2, 1152), (4, 1440), (4, 1440)]

EKR Property: True as ['Group has a clique of size n']

EKRM Property: None as []

Strict EKR Property: None as []

Abelian: False

Nilpotent: False

Primitive: False

