Transitive group number 461 of degree 18

Order: 4608

Transitivity: 1

Eigenvalues: [(3233, 1), (-49, 6), (47, 6), (449, 2), (449, 2), (-49, 6), (47, 6), (-31, 1), (209, 8), (-463, 8), (-49, 6), (47, 6), (209, 8), (-463, 8), (-1, 1860), (-1, 1860), (1, 1620), (1, 1620), (-17, 54), (15, 54), (1, 1620), (1, 1620), (15, 54), (-17, 54), (-127, 16), (-1, 1860), (1, 1620), (1, 1620), (-17, 54), (15, 54), (1, 1620), (-1, 1860), (1, 1620), (-1, 1860), (-1, 1860), (-1, 1860), (-15, 324), (17, 324), (-1, 1860), (-1, 1860), (17, 324), (-15, 324), (17, 324), (-15, 324), (63, 162), (63, 162), (17, 324), (-15, 324), (-33, 81), (-97, 81), (1, 1620), (-1, 1860), (-1, 1860), (1, 1620), (-1, 1860), (1, 1620), (1, 1620), (1, 1620), (-1, 1860), (-1, 1860)]

EKR Property: True as ['Group has a clique of size n']

EKRM Property: None as []

Strict EKR Property: None as []

Abelian: False

Nilpotent: False

Primitive: False

