Transitive group number 79 of degree 18

Order: 162

Transitivity: 1

Eigenvalues: [(145, 1), (-17, 1), (1, 128), (1, 128), (1, 128), (1, 128), (1, 128), (1, 128), (1, 128), (1, 128), (1, 128), (1, 128), (1, 128), (1, 128), (1, 128), (1, 128), (1, 128), (1, 128), (1, 128), (1, 128), (1, 128), (1, 128), (-8, 32), (-8, 32), (1, 128), (1, 128), (1, 128), (1, 128), (1, 128), (1, 128), (1, 128), (1, 128), (-8, 32), (-8, 32), (1, 128), (1, 128), (1, 128), (1, 128), (1, 128), (1, 128), (1, 128), (1, 128), (1, 128), (1, 128), (-8, 32), (-8, 32), (1, 128), (1, 128), (-8, 32), (-8, 32), (1, 128), (1, 128), (1, 128), (1, 128)]

EKR Property: True as ['Group has a clique of size n']

EKRM Property: None as []

Strict EKR Property: None as []

Abelian: False

Nilpotent: False

Primitive: False

