Transitive group number 28 of degree 21

Order: 1029

Transitivity: 1

Eigenvalues: [(902, 1), (-127, 2), (-127, 2), (-1, 648), (-1, 648), (-1, 648), (-1, 648), (-1, 648), (-1, 648), (-1, 648), (-1, 648), (-1, 648), (-1, 648), (-1, 648), (-1, 648), (-1, 648), (-1, 648), (-1, 648), (-1, 648), (-1, 648), (-1, 648), (6, 324), (6, 324), (6, 324), (6, 324), (6, 324), (6, 324), (-1, 648), (-1, 648), (-1, 648), (-1, 648), (-1, 648), (-1, 648), (-1, 648), (-1, 648), (-1, 648), (-1, 648), (6, 324), (6, 324), (6, 324), (6, 324), (6, 324), (6, 324), (-1, 648), (-1, 648), (-1, 648), (-1, 648), (-1, 648), (-1, 648), (6, 324), (6, 324), (6, 324), (6, 324), (6, 324), (6, 324), (-1, 648), (-1, 648), (-1, 648), (-1, 648), (-1, 648), (-1, 648), (6, 324), (6, 324), (6, 324), (6, 324), (6, 324), (6, 324), (-1, 648), (-1, 648), (-1, 648), (-1, 648), (-1, 648), (-1, 648), (-1, 648), (-1, 648), (-1, 648), (-1, 648), (-1, 648), (-1, 648), (-1, 648), (-1, 648), (-1, 648), (-1, 648), (-1, 648), (-1, 648), (-1, 648), (-1, 648), (-1, 648), (-1, 648), (-1, 648), (-1, 648), (6, 324), (6, 324), (6, 324), (6, 324), (6, 324), (6, 324), (-1, 648), (-1, 648), (-1, 648), (-1, 648), (-1, 648), (-1, 648), (-1, 648), (-1, 648), (-1, 648), (-1, 648), (-1, 648), (-1, 648), (6, 324), (6, 324), (6, 324), (6, 324), (6, 324), (6, 324), (-1, 648), (-1, 648), (-1, 648), (-1, 648), (-1, 648), (-1, 648), (-1, 648), (-1, 648), (-1, 648), (-1, 648), (-1, 648), (-1, 648), (-36, 54), (-36, 54), (-36, 54), (-36, 54), (-36, 54), (-36, 54)]

EKR Property: True as ['Group has a clique of size n']

EKRM Property: None as []

Strict EKR Property: None as []

Abelian: False

Nilpotent: False

Primitive: False

