Transitive group number 30 of degree 21

Order: 2058

Transitivity: 1

Eigenvalues: [(902, 2), (902, 2), (-127, 4), (-1, 1296), (-1, 1296), (-1, 1296), (-1, 1296), (-1, 1296), (-1, 1296), (-1, 1296), (-1, 1296), (-1, 1296), (6, 648), (6, 648), (6, 648), (6, 648), (6, 648), (6, 648), (6, 648), (6, 648), (6, 648), (6, 648), (6, 648), (6, 648), (-1, 1296), (-1, 1296), (-1, 1296), (-1, 1296), (-1, 1296), (-1, 1296), (-1, 1296), (-1, 1296), (-1, 1296), (-1, 1296), (-1, 1296), (-1, 1296), (-1, 1296), (-1, 1296), (-1, 1296), (-1, 1296), (-1, 1296), (6, 648), (6, 648), (6, 648), (6, 648), (6, 648), (6, 648), (-36, 108), (-36, 108), (-36, 108), (6, 648), (6, 648), (6, 648), (-1, 1296), (-1, 1296), (-1, 1296), (-1, 1296), (-1, 1296), (-1, 1296), (-1, 1296), (-1, 1296), (-1, 1296), (-1, 1296), (-1, 1296), (-1, 1296), (6, 648), (6, 648), (6, 648), (6, 648), (6, 648), (6, 648), (-1, 1296), (-1, 1296), (-1, 1296), (-1, 1296), (-1, 1296), (-1, 1296)]

EKR Property: True as ['Group has a clique of size n']

EKRM Property: None as []

Strict EKR Property: None as []

Abelian: False

Nilpotent: False

Primitive: False

