Transitive group number 31 of degree 21

Order: 2058

Transitivity: 1

Eigenvalues: [(1588, 1), (216, 3), (216, 3), (216, 3), (-470, 2), (-470, 2), (-1, 1296), (-1, 1296), (-1, 1296), (-1, 1296), (-1, 1296), (-1, 1296), (-1, 1296), (-1, 1296), (-1, 1296), (-1, 1296), (-1, 1296), (6, 648), (6, 648), (6, 648), (-1, 1296), (-1, 1296), (-1, 1296), (6, 648), (6, 648), (6, 648), (-1, 1296), (-1, 1296), (-1, 1296), (6, 648), (6, 648), (6, 648), (-1, 1296), (-1, 1296), (-1, 1296), (-1, 1296), (-1, 1296), (-1, 1296), (6, 648), (6, 648), (6, 648), (-1, 1296), (-1, 1296), (-1, 1296), (-1, 1296), (-1, 1296), (-1, 1296), (-1, 1296), (-1, 1296), (-1, 1296), (-36, 108), (-36, 108), (-36, 108), (-1, 1296), (-1, 1296), (-1, 1296), (-1, 1296), (-1, 1296), (-1, 1296), (6, 648), (6, 648), (6, 648), (6, 648), (6, 648), (6, 648), (-1, 1296), (-1, 1296), (-1, 1296), (-1, 1296), (-1, 1296), (-1, 1296)]

EKR Property: True as ['Group has a clique of size n']

EKRM Property: None as []

Strict EKR Property: None as []

Abelian: False

Nilpotent: False

Primitive: False

