Transitive group number 127 of degree 20

Order: 500

Transitivity: 1

Eigenvalues: [(427, 1), (-73, 3), (-73, 3), (-73, 3), (-3, 96), (-3, 96), (-3, 96), (-3, 96), (-3, 96), (-3, 96), (-3, 96), (-3, 96), (-3, 96), (-3, 96), (-3, 96), (-3, 96), (-3, 96), (-3, 96), (-3, 96), (-3, 96), (7, 48), (7, 48), (7, 48), (7, 48), (7, 48), (7, 48), (7, 48), (7, 48), (2, 288), (2, 288), (2, 288), (2, 288), (2, 288), (2, 288), (2, 288), (2, 288), (-3, 96), (-3, 96), (-3, 96), (-3, 96), (7, 48), (2, 288), (2, 288), (2, 288), (2, 288), (2, 288), (2, 288), (2, 288), (2, 288), (2, 288), (2, 288), (2, 288), (2, 288), (-13, 64), (-13, 64), (-13, 64), (-13, 64), (2, 288), (2, 288), (2, 288), (2, 288), (-3, 96), (-3, 96), (-3, 96), (-3, 96)]

EKR Property: True as ['Group has a clique of size n']

EKRM Property: None as []

Strict EKR Property: None as []

Abelian: False

Nilpotent: False

Primitive: False

