Transitive group number 181 of degree 20

Order: 1000

Transitivity: 1

Eigenvalues: [(837, 1), (17, 10), (-163, 1), (17, 10), (-73, 4), (17, 10), (17, 10), (-3, 296), (-3, 296), (7, 240), (7, 240), (7, 240), (7, 240), (7, 240), (7, 240), (7, 240), (7, 240), (-3, 296), (-3, 296), (7, 240), (7, 240), (-3, 296), (-3, 296), (-3, 296), (-3, 296), (7, 240), (7, 240), (7, 240), (7, 240), (-33, 64), (-33, 64), (-33, 64), (-33, 64), (7, 240), (7, 240), (7, 240), (7, 240), (-3, 296), (2, 384), (2, 384), (-3, 296), (-3, 296), (2, 384), (2, 384), (2, 384), (2, 384)]

EKR Property: True as ['Group has a clique of size n']

EKRM Property: None as []

Strict EKR Property: None as []

Abelian: False

Nilpotent: False

Primitive: False

