Transitive group number 187 of degree 20

Order: 1280

Transitivity: 1

Eigenvalues: [(977, 1), (81, 2), (177, 2), (-79, 2), (-303, 1), (81, 2), (177, 2), (-79, 2), (-1, 440), (-1, 440), (1, 616), (1, 616), (-63, 16), (-63, 16), (1, 616), (1, 616), (-63, 16), (-63, 16), (-1, 440), (-1, 440), (1, 616), (1, 616), (1, 616), (1, 616), (1, 616), (1, 616), (1, 616), (1, 616), (1, 616), (1, 616), (1, 616), (1, 616), (1, 616), (1, 616), (1, 616), (1, 616), (1, 616), (1, 616), (1, 616), (1, 616), (1, 616), (1, 616), (1, 616), (1, 616), (15, 100), (-17, 100), (-1, 440), (-1, 440), (-1, 440), (-1, 440)]

EKR Property: True as ['Group has a clique of size n']

EKRM Property: None as []

Strict EKR Property: None as []

Abelian: False

Nilpotent: False

Primitive: False

