Transitive group number 190 of degree 20

Order: 1280

Transitivity: 1

Eigenvalues: [(1084, 1), (-196, 4), (-196, 4), (-196, 4), (-196, 4), (0, 300), (-20, 75), (4, 150), (4, 150), (-4, 450), (8, 300), (4, 150), (-20, 75), (4, 150), (-4, 450), (0, 300), (-4, 450), (4, 150), (8, 300), (-4, 450), (0, 300), (0, 300), (8, 300), (8, 300), (0, 300), (-4, 450), (-4, 450), (0, 300), (-4, 450), (0, 300), (-4, 450), (8, 300), (-4, 450), (-4, 450), (4, 150), (-4, 450), (0, 300), (-4, 450), (-4, 450), (0, 300), (8, 300), (0, 300), (-4, 450), (-4, 450), (8, 300), (8, 300), (-4, 450), (-4, 450), (0, 300), (8, 300), (8, 300), (-20, 75), (8, 300), (8, 300), (-4, 450), (0, 300)]

EKR Property: True as ['A weighting on derangement classes gives EKR']

EKRM Property: None as []

Strict EKR Property: None as []

Abelian: False

Nilpotent: False

Primitive: False

