Transitive group number 193 of degree 20

Order: 1280

Transitivity: 1

Eigenvalues: [(1084, 1), (-196, 4), (-196, 4), (-196, 4), (-196, 4), (4, 150), (4, 150), (-20, 75), (-4, 450), (-4, 450), (0, 300), (0, 300), (8, 300), (8, 300), (8, 300), (8, 300), (-4, 450), (-4, 450), (-4, 450), (-4, 450), (4, 150), (4, 150), (-4, 450), (-4, 450), (0, 300), (0, 300), (-4, 450), (-4, 450), (-4, 450), (-4, 450), (0, 300), (0, 300), (8, 300), (8, 300), (-20, 75), (-20, 75), (-4, 450), (-4, 450), (8, 300), (8, 300), (0, 300), (0, 300), (0, 300), (0, 300), (0, 300), (0, 300), (-4, 450), (-4, 450), (8, 300), (8, 300), (4, 150), (4, 150), (-4, 450), (-4, 450), (8, 300), (8, 300)]

EKR Property: None as []

EKRM Property: None as []

Strict EKR Property: False as ['Group does not have the EKR property']

Abelian: False

Nilpotent: False

Primitive: False

