Transitive group number 214 of degree 20

Order: 1600

Transitivity: 1

Eigenvalues: [(1096, 1), (16, 20), (16, 20), (-64, 2), (-64, 2), (16, 20), (16, 20), (136, 2), (136, 2), (16, 20), (16, 20), (96, 2), (96, 2), (16, 20), (16, 20), (-504, 1), (16, 20), (16, 20), (16, 20), (-184, 4), (-24, 16), (-24, 16), (56, 16), (56, 16), (-24, 16), (-24, 16), (56, 16), (56, 16), (-4, 256), (6, 128), (-4, 256), (-14, 128), (1, 1024), (1, 1024), (1, 1024), (1, 1024), (1, 1024), (1, 1024), (1, 1024), (1, 1024), (-4, 256), (-14, 128), (-4, 256), (6, 128), (1, 1024), (1, 1024)]

EKR Property: True as ['Group has a clique of size n']

EKRM Property: None as []

Strict EKR Property: None as []

Abelian: False

Nilpotent: False

Primitive: False

