Transitive group number 234 of degree 20

Order: 2000

Transitivity: 1

Eigenvalues: [(1462, 1), (-108, 2), (142, 2), (212, 2), (-538, 1), (-108, 2), (142, 2), (212, 2), (52, 4), (-198, 4), (-3, 592), (-3, 592), (17, 16), (17, 16), (-3, 592), (-3, 592), (17, 16), (17, 16), (-3, 592), (-3, 592), (-3, 592), (-3, 592), (7, 480), (7, 480), (7, 480), (7, 480), (7, 480), (7, 480), (7, 480), (7, 480), (7, 480), (7, 480), (7, 480), (7, 480), (7, 480), (7, 480), (-3, 592), (-3, 592), (-33, 128), (-33, 128), (7, 480), (7, 480), (7, 480), (7, 480), (-3, 592), (-3, 592), (-3, 592), (-3, 592), (-3, 592), (-3, 592), (2, 768), (2, 768), (2, 768), (2, 768), (2, 768), (2, 768)]

EKR Property: True as ['Group has a clique of size n']

EKRM Property: None as []

Strict EKR Property: None as []

Abelian: False

Nilpotent: False

Primitive: False

