Transitive group number 237 of degree 20

Order: 2500

Transitivity: 1

Eigenvalues: [(2131, 1), (-369, 3), (-369, 3), (-369, 3), (1, 1024), (1, 1024), (1, 1024), (1, 1024), (1, 1024), (1, 1024), (1, 1024), (1, 1024), (1, 1024), (1, 1024), (1, 1024), (1, 1024), (1, 1024), (1, 1024), (1, 1024), (1, 1024), (1, 1024), (1, 1024), (1, 1024), (1, 1024), (16, 384), (16, 384), (16, 384), (16, 384), (1, 1024), (1, 1024), (1, 1024), (1, 1024), (16, 384), (16, 384), (16, 384), (16, 384), (1, 1024), (1, 1024), (1, 1024), (1, 1024), (1, 1024), (1, 1024), (16, 384), (16, 384), (1, 1024), (1, 1024), (16, 384), (16, 384), (16, 384), (16, 384), (1, 1024), (1, 1024), (1, 1024), (1, 1024), (-4, 1024), (-4, 1024), (-4, 1024), (-4, 1024), (1, 1024), (1, 1024), (1, 1024), (1, 1024), (16, 384), (16, 384), (16, 384), (16, 384), (1, 1024), (1, 1024), (1, 1024), (1, 1024), (-4, 1024), (-4, 1024), (-4, 1024), (-4, 1024), (-4, 1024), (-4, 1024), (-4, 1024), (-4, 1024), (-4, 1024), (-4, 1024), (-4, 1024), (-4, 1024), (-4, 1024), (-4, 1024), (-4, 1024), (-4, 1024), (1, 1024), (1, 1024), (1, 1024), (1, 1024), (-4, 1024), (-4, 1024), (-4, 1024), (-4, 1024), (1, 1024), (1, 1024), (1, 1024), (1, 1024), (-4, 1024), (-4, 1024), (-4, 1024), (-4, 1024), (-4, 1024), (-4, 1024), (-4, 1024), (-4, 1024), (-4, 1024), (-4, 1024), (-4, 1024), (-4, 1024), (1, 1024), (1, 1024), (1, 1024), (1, 1024), (-4, 1024), (-4, 1024), (-4, 1024), (-4, 1024), (-64, 64), (-64, 64), (-64, 64), (-64, 64), (-4, 1024), (-4, 1024), (-4, 1024), (-4, 1024), (1, 1024), (1, 1024), (1, 1024), (1, 1024), (1, 1024), (1, 1024), (1, 1024), (1, 1024), (16, 384), (16, 384), (16, 384), (16, 384), (-4, 1024), (-4, 1024), (-4, 1024), (-4, 1024), (-4, 1024), (-4, 1024), (-4, 1024), (-4, 1024), (1, 1024), (1, 1024), (1, 1024), (1, 1024), (1, 1024), (1, 1024), (1, 1024), (1, 1024), (16, 384), (16, 384), (16, 384), (16, 384), (-4, 1024), (-4, 1024), (-4, 1024), (-4, 1024), (1, 1024), (1, 1024), (1, 1024), (1, 1024), (1, 1024), (1, 1024), (1, 1024), (1, 1024), (16, 384), (16, 384), (16, 384), (16, 384), (-4, 1024), (-4, 1024), (-4, 1024), (-4, 1024), (-4, 1024), (-4, 1024), (-4, 1024), (-4, 1024), (1, 1024), (1, 1024), (1, 1024), (1, 1024), (1, 1024), (1, 1024), (1, 1024), (1, 1024)]

EKR Property: True as ['Group has a clique of size n']

EKRM Property: None as []

Strict EKR Property: None as []

Abelian: False

Nilpotent: False

Primitive: False

