Transitive group number 250 of degree 20

Order: 2560

Transitivity: 1

Eigenvalues: [(2169, 1), (-1, 80), (-1, 80), (-1, 80), (-1, 80), (-1, 80), (-391, 4), (-391, 4), (-391, 4), (-391, 4), (9, 50), (-1, 80), (-1, 80), (-39, 25), (-1, 80), (9, 50), (-3, 600), (-3, 600), (1, 400), (1, 400), (-5, 400), (-5, 400), (15, 200), (15, 200), (-3, 600), (-3, 600), (3, 400), (3, 400), (1, 400), (1, 400), (15, 200), (15, 200), (-5, 400), (-5, 400), (-3, 600), (-3, 600), (1, 400), (1, 400), (1, 400), (1, 400), (1, 400), (1, 400), (13, 200), (13, 200), (13, 200), (13, 200), (-3, 600), (-3, 600), (-3, 600), (-3, 600), (1, 400), (1, 400), (-9, 150), (-9, 150), (-9, 150), (-9, 150), (15, 200), (15, 200), (3, 400), (3, 400), (-5, 400), (-5, 400), (-5, 400), (-5, 400), (3, 400), (3, 400), (15, 200), (15, 200), (-3, 600), (-3, 600), (-3, 600), (-3, 600), (13, 200), (13, 200), (-3, 600), (-3, 600), (13, 200), (13, 200), (3, 400), (3, 400), (-5, 400), (-5, 400), (-5, 400), (-5, 400), (3, 400), (3, 400), (3, 400), (3, 400), (3, 400), (3, 400), (-3, 600), (-3, 600), (-5, 400), (-5, 400), (-3, 600), (-3, 600), (3, 400), (3, 400), (-3, 600), (-3, 600), (-5, 400), (-5, 400), (-3, 600), (-3, 600), (1, 400), (1, 400), (-9, 150), (-9, 150), (1, 400), (1, 400), (-41, 50), (-41, 50)]

EKR Property: True as ['A weighting on derangement classes gives EKR']

EKRM Property: None as []

Strict EKR Property: None as []

Abelian: False

Nilpotent: False

Primitive: False

