Transitive group number 258 of degree 20

Order: 2560

Transitivity: 1

Eigenvalues: [(1724, 1), (444, 1), (-196, 8), (-196, 8), (4, 300), (4, 300), (108, 25), (-148, 25), (4, 300), (4, 300), (8, 600), (8, 600), (8, 600), (8, 600), (-4, 900), (-4, 900), (-4, 900), (-4, 900), (8, 600), (8, 600), (8, 600), (8, 600), (0, 600), (0, 600), (0, 600), (0, 600), (-4, 900), (-4, 900), (-4, 900), (-4, 900), (0, 600), (0, 600), (0, 600), (0, 600), (-4, 900), (-4, 900), (4, 300), (-20, 100), (-4, 900), (4, 300), (0, 600), (0, 600), (-4, 900), (-4, 900), (-4, 900), (-4, 900), (8, 600), (8, 600), (0, 600), (0, 600), (8, 600), (8, 600)]

EKR Property: True as ['A weighting on derangement classes gives EKR']

EKRM Property: None as []

Strict EKR Property: None as []

Abelian: False

Nilpotent: False

Primitive: False

