Transitive group number 261 of degree 20

Order: 2560

Transitivity: 1

Eigenvalues: [(1777, 1), (241, 2), (241, 2), (177, 6), (177, 6), (-79, 6), (-79, 6), (-783, 1), (-79, 6), (-79, 6), (-79, 6), (-79, 6), (177, 6), (177, 6), (177, 6), (177, 6), (-1, 880), (-1, 880), (-1, 880), (-1, 880), (1, 1232), (-63, 32), (1, 1232), (-63, 32), (1, 1232), (1, 1232), (1, 1232), (1, 1232), (1, 1232), (1, 1232), (1, 1232), (1, 1232), (1, 1232), (1, 1232), (1, 1232), (1, 1232), (1, 1232), (1, 1232), (1, 1232), (1, 1232), (-1, 880), (1, 1232), (1, 1232), (1, 1232), (1, 1232), (1, 1232), (1, 1232), (1, 1232), (1, 1232), (15, 300), (-49, 100), (15, 300), (15, 300), (-1, 880), (-1, 880)]

EKR Property: True as ['Group has a clique of size n']

EKRM Property: None as []

Strict EKR Property: None as []

Abelian: False

Nilpotent: False

Primitive: False

