Transitive group number 271 of degree 20

Order: 3200

Transitivity: 1

Eigenvalues: [(2176, 1), (16, 200), (256, 2), (16, 200), (256, 2), (16, 200), (-1024, 1), (16, 200), (16, 200), (16, 200), (16, 200), (16, 200), (16, 200), (16, 200), (16, 200), (16, 200), (16, 200), (-64, 24), (16, 200), (96, 24), (-384, 4), (16, 200), (96, 24), (-64, 24), (16, 200), (16, 200), (-64, 24), (-64, 24), (16, 200), (16, 200), (96, 24), (96, 24), (16, 200), (16, 200), (16, 200), (16, 200), (16, 200), (16, 200), (-64, 24), (-64, 24), (16, 200), (16, 200), (96, 24), (96, 24), (-4, 768), (-24, 128), (-4, 768), (16, 200), (-4, 768), (16, 200), (-4, 768), (-24, 128), (-4, 768), (-4, 768), (-4, 768), (-4, 768), (-4, 768), (-4, 768), (-4, 768), (-4, 768), (1, 2048), (1, 2048), (1, 2048), (1, 2048), (1, 2048)]

EKR Property: True as ['Group has a clique of size n']

EKRM Property: None as []

Strict EKR Property: None as []

Abelian: False

Nilpotent: False

Primitive: False

