Transitive group number 290 of degree 20

Order: 3840

Transitivity: 1

Eigenvalues: [(3089, 1), (-751, 1), (-1, 1320), (-1, 1320), (-1, 1320), (-1, 1320), (-1, 1320), (-1, 1320), (49, 36), (49, 36), (49, 36), (49, 36), (-151, 32), (-151, 32), (-1, 1320), (-1, 1320), (17, 450), (17, 450), (1, 600), (1, 600), (-1, 1320), (-1, 1320), (-113, 50), (-113, 50), (1, 600), (1, 600), (1, 600), (1, 600), (-17, 100), (-17, 100), (-17, 100), (-17, 100), (17, 450), (17, 450), (17, 450), (17, 450), (-1, 1320), (-1, 1320), (-1, 1320), (-1, 1320), (1, 600), (1, 600), (15, 450), (15, 450), (-7, 800), (-7, 800), (-1, 1320), (-1, 1320)]

EKR Property: True as ['Group has a clique of size n']

EKRM Property: None as []

Strict EKR Property: None as []

Abelian: False

Nilpotent: False

Primitive: False

