Transitive group number 292 of degree 20

Order: 4000

Transitivity: 1

Eigenvalues: [(2712, 1), (-108, 6), (392, 2), (212, 6), (-1288, 1), (-108, 6), (392, 2), (212, 6), (212, 6), (212, 6), (-108, 6), (-108, 6), (212, 6), (212, 6), (-108, 6), (-108, 6), (52, 12), (-448, 4), (52, 12), (52, 12), (-3, 1184), (17, 32), (-3, 1184), (17, 32), (7, 960), (-3, 1184), (-3, 1184), (7, 960), (-3, 1184), (-3, 1184), (7, 960), (7, 960), (7, 960), (7, 960), (7, 960), (-3, 1184), (-3, 1184), (-3, 1184), (7, 960), (7, 960), (-33, 256), (-3, 1184), (-3, 1184), (2, 1536), (2, 1536), (2, 1536)]

EKR Property: True as ['Group has a clique of size n']

EKRM Property: None as []

Strict EKR Property: None as []

Abelian: False

Nilpotent: False

Primitive: False

