Transitive group number 293 of degree 20

Order: 5000

Transitivity: 1

Eigenvalues: [(4006, 1), (-994, 3), (-994, 3), (-994, 3), (256, 4), (1, 2048), (16, 768), (1, 2048), (1, 2048), (1, 2048), (16, 768), (1, 2048), (1, 2048), (16, 768), (1, 2048), (1, 2048), (16, 768), (16, 768), (1, 2048), (1, 2048), (1, 2048), (16, 768), (1, 2048), (-4, 2048), (-4, 2048), (-4, 2048), (-4, 2048), (1, 2048), (1, 2048), (16, 768), (16, 768), (-4, 2048), (-4, 2048), (-4, 2048), (-4, 2048), (1, 2048), (1, 2048), (1, 2048), (1, 2048), (-4, 2048), (-4, 2048), (16, 768), (16, 768), (-4, 2048), (-4, 2048), (-4, 2048), (-4, 2048), (1, 2048), (1, 2048), (-4, 2048), (-4, 2048), (1, 2048), (1, 2048), (-64, 128), (-64, 128), (-4, 2048), (-4, 2048), (1, 2048), (1, 2048), (-4, 2048), (-4, 2048), (-4, 2048), (-4, 2048), (-4, 2048), (-4, 2048), (1, 2048), (1, 2048), (-4, 2048), (-4, 2048), (1, 2048), (1, 2048), (-4, 2048), (-4, 2048), (-4, 2048), (-4, 2048), (-4, 2048), (-4, 2048), (16, 768), (16, 768), (1, 2048), (1, 2048), (1, 2048), (1, 2048)]

EKR Property: True as ['A weighting on derangement classes gives EKR']

EKRM Property: None as []

Strict EKR Property: None as []

Abelian: False

Nilpotent: False

Primitive: False

