Transitive group number 294 of degree 20

Order: 5000

Transitivity: 1

Eigenvalues: [(3381, 1), (881, 2), (881, 2), (-1619, 1), (-369, 4), (1, 2048), (1, 2048), (1, 2048), (1, 2048), (1, 2048), (1, 2048), (1, 2048), (1, 2048), (1, 2048), (1, 2048), (1, 2048), (1, 2048), (1, 2048), (1, 2048), (1, 2048), (1, 2048), (1, 2048), (1, 2048), (1, 2048), (1, 2048), (16, 768), (16, 768), (16, 768), (16, 768), (16, 768), (16, 768), (16, 768), (16, 768), (1, 2048), (1, 2048), (1, 2048), (1, 2048), (1, 2048), (1, 2048), (1, 2048), (1, 2048), (1, 2048), (1, 2048), (1, 2048), (1, 2048), (16, 768), (16, 768), (16, 768), (16, 768), (16, 768), (16, 768), (16, 768), (16, 768), (1, 2048), (-4, 2048), (-4, 2048), (1, 2048), (1, 2048), (-4, 2048), (-4, 2048), (1, 2048), (1, 2048), (16, 768), (16, 768), (1, 2048), (1, 2048), (-4, 2048), (-4, 2048), (-4, 2048), (-4, 2048), (-4, 2048), (-4, 2048), (-4, 2048), (-4, 2048), (1, 2048), (1, 2048), (16, 768), (16, 768), (-64, 128), (-64, 128), (1, 2048), (1, 2048), (-4, 2048), (-4, 2048), (-4, 2048), (-4, 2048), (1, 2048), (1, 2048), (1, 2048), (1, 2048), (-4, 2048), (-4, 2048), (-4, 2048), (-4, 2048), (-4, 2048), (-4, 2048), (-4, 2048), (-4, 2048), (-4, 2048), (-4, 2048), (-4, 2048), (-4, 2048), (1, 2048), (1, 2048), (1, 2048), (1, 2048), (1, 2048), (1, 2048), (1, 2048), (1, 2048), (16, 768), (16, 768), (16, 768), (16, 768), (-4, 2048), (-4, 2048), (-4, 2048), (-4, 2048), (1, 2048), (1, 2048), (1, 2048), (1, 2048)]

EKR Property: True as ['Group has a clique of size n']

EKRM Property: None as []

Strict EKR Property: None as []

Abelian: False

Nilpotent: False

Primitive: False

