Transitive group number 299 of degree 20

Order: 5000

Transitivity: 1

Eigenvalues: [(4181, 1), (81, 2), (-819, 1), (81, 2), (1, 2048), (1, 2048), (1, 2048), (1, 2048), (1, 2048), (1, 2048), (1, 2048), (1, 2048), (1, 2048), (1, 2048), (1, 2048), (1, 2048), (1, 2048), (1, 2048), (1, 2048), (1, 2048), (-369, 4), (1, 2048), (1, 2048), (1, 2048), (1, 2048), (1, 2048), (1, 2048), (1, 2048), (1, 2048), (41, 128), (41, 128), (41, 128), (41, 128), (-9, 128), (-9, 128), (-9, 128), (-9, 128), (1, 2048), (1, 2048), (1, 2048), (1, 2048), (1, 2048), (1, 2048), (1, 2048), (1, 2048), (1, 2048), (1, 2048), (1, 2048), (1, 2048), (41, 128), (41, 128), (41, 128), (41, 128), (-9, 128), (-9, 128), (-9, 128), (-9, 128), (1, 2048), (1, 2048), (1, 2048), (1, 2048), (1, 2048), (1, 2048), (1, 2048), (1, 2048), (1, 2048), (1, 2048), (1, 2048), (1, 2048), (-9, 128), (-9, 128), (41, 128), (41, 128), (1, 2048), (1, 2048), (1, 2048), (1, 2048), (1, 2048), (1, 2048), (1, 2048), (1, 2048), (16, 512), (16, 512), (16, 512), (16, 512), (16, 512), (16, 512), (16, 512), (16, 512), (1, 2048), (1, 2048), (1, 2048), (1, 2048), (1, 2048), (1, 2048), (1, 2048), (1, 2048), (-4, 2048), (-4, 2048), (-4, 2048), (-4, 2048), (-4, 2048), (-4, 2048), (-4, 2048), (-4, 2048), (-4, 2048), (-4, 2048), (-4, 2048), (-4, 2048), (-4, 2048), (-4, 2048), (-4, 2048), (-4, 2048), (1, 2048), (1, 2048), (1, 2048), (1, 2048), (1, 2048), (1, 2048), (1, 2048), (1, 2048), (-164, 64), (-164, 64), (-164, 64), (-164, 64), (36, 64), (36, 64), (36, 64), (36, 64), (-4, 2048), (-4, 2048), (-4, 2048), (-4, 2048), (-4, 2048), (-4, 2048), (-4, 2048), (-4, 2048), (1, 2048), (1, 2048), (1, 2048), (1, 2048), (1, 2048), (1, 2048), (1, 2048), (1, 2048), (1, 2048), (1, 2048), (1, 2048), (1, 2048), (1, 2048), (1, 2048), (1, 2048), (1, 2048), (-9, 128), (-9, 128), (-9, 128), (-9, 128), (41, 128), (41, 128), (41, 128), (41, 128), (-4, 2048), (-4, 2048), (-4, 2048), (-4, 2048), (-4, 2048), (-4, 2048), (-4, 2048), (-4, 2048), (1, 2048), (1, 2048), (1, 2048), (1, 2048), (1, 2048), (1, 2048), (1, 2048), (1, 2048), (1, 2048), (1, 2048), (1, 2048), (1, 2048), (1, 2048), (1, 2048), (1, 2048), (1, 2048), (1, 2048), (1, 2048), (1, 2048), (16, 512), (16, 512), (-4, 2048), (-4, 2048), (-4, 2048), (-4, 2048), (1, 2048), (1, 2048), (1, 2048), (1, 2048), (-4, 2048), (-4, 2048), (-4, 2048), (-4, 2048), (-4, 2048), (-4, 2048), (-4, 2048), (-4, 2048), (-4, 2048), (-4, 2048), (-4, 2048), (-4, 2048), (-4, 2048), (-4, 2048), (-4, 2048), (-4, 2048), (16, 512), (16, 512), (16, 512), (16, 512), (-4, 2048), (-4, 2048), (-4, 2048), (-4, 2048), (1, 2048), (1, 2048), (1, 2048), (1, 2048), (1, 2048), (1, 2048), (1, 2048), (1, 2048)]

EKR Property: True as ['Group has a clique of size n']

EKRM Property: None as []

Strict EKR Property: None as []

Abelian: False

Nilpotent: False

Primitive: False

