Transitive group number 53 of degree 20

Order: 200

Transitivity: 1

Eigenvalues: [(181, 1), (1, 162), (1, 162), (-19, 1), (1, 162), (1, 162), (1, 162), (1, 162), (1, 162), (1, 162), (1, 162), (1, 162), (1, 162), (1, 162), (1, 162), (1, 162), (1, 162), (1, 162), (1, 162), (1, 162), (-9, 36), (1, 162), (1, 162), (1, 162), (1, 162), (1, 162), (1, 162), (1, 162), (1, 162), (1, 162), (1, 162), (-9, 36), (-9, 36), (-9, 36), (-9, 36), (1, 162), (1, 162), (1, 162), (1, 162), (1, 162), (1, 162), (1, 162), (1, 162), (1, 162), (1, 162), (-9, 36), (-9, 36), (-9, 36), (-9, 36), (1, 162), (1, 162), (1, 162), (1, 162), (1, 162), (1, 162), (1, 162), (1, 162), (1, 162), (1, 162), (1, 162), (1, 162), (1, 162), (1, 162), (1, 162), (1, 162)]

EKR Property: True as ['Group has a clique of size n']

EKRM Property: None as []

Strict EKR Property: None as []

Abelian: False

Nilpotent: False

Primitive: False

