Transitive group number 25 of degree 15

Order: 375

Transitivity: 1

Eigenvalues: [(314, 1), (-61, 2), (-61, 2), (-1, 192), (-1, 192), (-1, 192), (-1, 192), (-1, 192), (-1, 192), (-1, 192), (-1, 192), (-1, 192), (-1, 192), (-1, 192), (-1, 192), (-1, 192), (-1, 192), (-1, 192), (-1, 192), (4, 144), (4, 144), (4, 144), (4, 144), (-1, 192), (-1, 192), (-1, 192), (-1, 192), (4, 144), (4, 144), (4, 144), (4, 144), (4, 144), (4, 144), (4, 144), (4, 144), (-16, 36), (-16, 36), (-16, 36), (-16, 36), (4, 144), (4, 144), (4, 144), (4, 144), (-1, 192), (-1, 192), (-1, 192), (-1, 192), (-1, 192), (-1, 192), (-1, 192), (-1, 192), (-1, 192), (-1, 192), (-1, 192), (-1, 192)]

EKR Property: True as ['Group has a clique of size n']

EKRM Property: None as []

Strict EKR Property: None as []

Abelian: False

Nilpotent: False

Primitive: False

