Transitive group number 32 of degree 15

Order: 750

Transitivity: 1

Eigenvalues: [(614, 1), (14, 1), (-1, 384), (-1, 384), (-1, 384), (-1, 384), (-1, 384), (-1, 384), (-1, 384), (-1, 384), (-61, 4), (-1, 384), (-1, 384), (-1, 384), (-1, 384), (9, 36), (9, 36), (9, 36), (9, 36), (-41, 36), (-41, 36), (-41, 36), (-41, 36), (4, 288), (4, 288), (4, 288), (4, 288), (4, 288), (4, 288), (4, 288), (4, 288), (-1, 384), (-1, 384), (-1, 384), (-1, 384), (-1, 384), (-1, 384), (-1, 384), (-1, 384), (-1, 384), (-1, 384), (-1, 384), (-1, 384), (-1, 384), (-1, 384), (-1, 384), (-1, 384), (-1, 384), (-1, 384), (-1, 384), (-1, 384), (-1, 384), (-1, 384), (-1, 384), (-1, 384), (-1, 384), (-1, 384), (-1, 384), (-1, 384), (4, 288), (4, 288), (4, 288), (4, 288), (4, 288), (4, 288)]

EKR Property: True as ['Group has a clique of size n']

EKRM Property: None as []

Strict EKR Property: None as []

Abelian: False

Nilpotent: False

Primitive: False

