Transitive group number 36 of degree 15

Order: 1215

Transitivity: 1

Eigenvalues: [(1004, 1), (-211, 4), (-211, 4), (-211, 4), (-211, 4), (-1, 160), (-1, 160), (-1, 160), (-1, 160), (-1, 160), (-1, 160), (-1, 160), (-1, 160), (-1, 160), (-1, 160), (2, 400), (2, 400), (2, 400), (2, 400), (8, 200), (8, 200), (2, 400), (2, 400), (8, 200), (8, 200), (-4, 400), (-4, 400), (-4, 400), (-4, 400), (2, 400), (2, 400), (2, 400), (2, 400), (8, 200), (8, 200), (-1, 160), (-1, 160), (8, 200), (8, 200), (2, 400), (2, 400), (-1, 160), (-1, 160), (-16, 50), (-16, 50), (-4, 400), (-4, 400), (-4, 400), (-4, 400), (-1, 160), (-1, 160), (2, 400), (2, 400), (2, 400), (2, 400), (-4, 400), (-4, 400), (-4, 400), (-4, 400), (-4, 400), (-4, 400), (-4, 400), (-4, 400)]

EKR Property: True as ['Group has a clique of size n']

EKRM Property: None as []

Strict EKR Property: None as []

Abelian: False

Nilpotent: False

Primitive: False

