Transitive group number 46 of degree 15

Order: 2430

Transitivity: 1

Eigenvalues: [(1814, 1), (194, 1), (-1, 320), (-1, 320), (-1, 320), (-1, 320), (-211, 8), (-211, 8), (-1, 320), (-1, 320), (-1, 320), (-1, 320), (8, 400), (8, 400), (8, 400), (8, 400), (-4, 800), (-4, 800), (-4, 800), (-4, 800), (-1, 320), (-1, 320), (-1, 320), (-1, 320), (2, 800), (2, 800), (2, 800), (2, 800), (65, 50), (65, 50), (-97, 50), (-97, 50), (8, 400), (8, 400), (8, 400), (8, 400), (-4, 800), (-4, 800), (-4, 800), (-4, 800), (-4, 800), (-4, 800), (-4, 800), (-4, 800), (-4, 800), (-4, 800), (-4, 800), (-4, 800), (2, 800), (2, 800), (2, 800), (2, 800), (-1, 320), (-1, 320), (-1, 320), (-1, 320), (-1, 320), (-1, 320), (-1, 320), (-1, 320), (2, 800), (8, 400), (2, 800), (8, 400), (-4, 800), (-4, 800), (2, 800), (2, 800), (-4, 800), (-4, 800), (2, 800), (2, 800)]

EKR Property: True as ['Group has a clique of size n']

EKRM Property: None as []

Strict EKR Property: None as []

Abelian: False

Nilpotent: False

Primitive: False

