Transitive group number 54 of degree 15

Order: 4860

Transitivity: 1

Eigenvalues: [(1814, 2), (1814, 2), (194, 2), (194, 2), (-1, 640), (-1, 640), (-211, 16), (-1, 640), (-1, 640), (2, 1600), (2, 1600), (2, 1600), (2, 1600), (2, 1600), (2, 1600), (2, 1600), (2, 1600), (-1, 640), (-1, 640), (65, 100), (-97, 100), (2, 1600), (2, 1600), (-4, 1600), (-4, 1600), (-4, 1600), (-4, 1600), (-4, 1600), (-4, 1600), (-4, 1600), (-4, 1600), (-1, 640), (-1, 640), (-1, 640), (-1, 640), (8, 800), (8, 800), (8, 800), (8, 800), (2, 1600), (8, 800), (-4, 1600), (-4, 1600), (2, 1600), (2, 1600)]

EKR Property: True as ['Group has a clique of size n']

EKRM Property: None as []

Strict EKR Property: None as []

Abelian: False

Nilpotent: False

Primitive: False

