Transitive group number 55 of degree 15

Order: 4860

Transitivity: 1

Eigenvalues: [(2786, 1), (-778, 1), (842, 1), (1166, 1), (-1, 640), (-1, 640), (32, 8), (32, 8), (-454, 8), (-454, 8), (-1, 640), (-1, 640), (-1, 640), (-1, 640), (65, 100), (-97, 100), (-1, 640), (-1, 640), (-1, 640), (-1, 640), (2, 1600), (2, 1600), (2, 1600), (2, 1600), (2, 1600), (2, 1600), (2, 1600), (2, 1600), (-4, 1600), (-4, 1600), (-4, 1600), (-4, 1600), (-4, 1600), (-4, 1600), (-4, 1600), (-4, 1600), (8, 800), (8, 800), (8, 800), (8, 800), (8, 800), (8, 800), (8, 800), (8, 800), (-4, 1600), (-4, 1600), (2, 1600), (2, 1600)]

EKR Property: True as ['Group has a clique of size n']

EKRM Property: None as []

Strict EKR Property: None as []

Abelian: False

Nilpotent: False

Primitive: False

