Transitive group number 56 of degree 15

Order: 4860

Transitivity: 1

Eigenvalues: [(3434, 1), (194, 3), (194, 3), (194, 3), (-1, 640), (-1, 640), (-1, 640), (-1, 640), (-1, 640), (-1, 640), (-1, 640), (-1, 640), (-211, 16), (-1, 640), (-1, 640), (65, 150), (65, 150), (65, 150), (65, 150), (65, 150), (65, 150), (-259, 50), (-259, 50), (2, 1600), (2, 1600), (2, 1600), (2, 1600), (2, 1600), (2, 1600), (2, 1600), (2, 1600), (-1, 640), (-1, 640), (-1, 640), (-1, 640), (-1, 640), (-1, 640), (-1, 640), (-1, 640), (2, 1600), (2, 1600), (8, 800), (8, 800), (8, 800), (8, 800), (-4, 1600), (-4, 1600), (-4, 1600), (-4, 1600), (-1, 640), (-1, 640), (-1, 640), (-1, 640), (-4, 1600), (-4, 1600), (-4, 1600), (-4, 1600), (8, 800), (2, 1600), (2, 1600), (2, 1600), (-4, 1600), (-4, 1600)]

EKR Property: True as ['Group has a clique of size n']

EKRM Property: None as []

Strict EKR Property: None as []

Abelian: False

Nilpotent: False

Primitive: False

