Transitive group number 167 of degree 12

Order: 648

Transitivity: 1

Eigenvalues: [(493, 1), (25, 2), (-155, 1), (25, 2), (1, 128), (1, 128), (1, 128), (1, 128), (1, 128), (1, 128), (1, 128), (1, 128), (-65, 4), (1, 128), (1, 128), (1, 128), (1, 128), (13, 32), (13, 32), (-5, 32), (-5, 32), (1, 128), (1, 128), (-5, 32), (-5, 32), (13, 32), (13, 32), (1, 128), (1, 128), (-5, 32), (13, 32), (4, 128), (4, 128), (4, 128), (4, 128), (-2, 256), (-2, 256), (-2, 256), (-2, 256), (10, 32), (10, 32), (-26, 32), (-26, 32), (-2, 256), (-2, 256), (-2, 256), (-2, 256), (1, 128), (1, 128), (1, 128), (1, 128), (4, 128), (-2, 256), (-2, 256)]

EKR Property: True as ['Group has a clique of size n']

EKRM Property: None as []

Strict EKR Property: None as []

Abelian: False

Nilpotent: False

Primitive: False

