Transitive group number 222 of degree 12

Order: 1536

Transitivity: 1

Eigenvalues: [(1149, 1), (1, 312), (-27, 3), (1, 312), (1, 312), (1, 312), (-27, 3), (-27, 3), (1, 312), (1, 312), (-387, 2), (-387, 2), (5, 180), (9, 18), (-3, 180), (25, 18), (45, 9), (1, 312), (-75, 9), (1, 312), (5, 180), (9, 18), (-3, 180), (25, 18), (-3, 180), (-3, 180), (-15, 36), (-15, 36), (5, 180), (5, 180), (-15, 36), (-15, 36), (-1, 336), (-9, 36), (-1, 336), (-25, 36), (-1, 336), (-5, 144), (3, 144), (15, 72), (-1, 336), (3, 144), (-5, 144), (15, 72), (3, 144), (3, 144), (-5, 144), (-5, 144), (-1, 336), (-1, 336), (-1, 336), (1, 312), (-3, 180), (1, 312), (5, 180)]

EKR Property: True as ['Group has a clique of size n']

EKRM Property: None as []

Strict EKR Property: None as []

Abelian: False

Nilpotent: False

Primitive: False

