Transitive group number 231 of degree 12

Order: 1944

Transitivity: 1

Eigenvalues: [(1393, 1), (-11, 1), (1, 384), (1, 384), (1, 384), (1, 384), (43, 4), (1, 384), (1, 384), (-155, 9), (25, 9), (1, 384), (1, 384), (1, 384), (1, 384), (-2, 768), (-2, 768), (-2, 768), (-2, 768), (1, 384), (1, 384), (1, 384), (1, 384), (-8, 32), (-8, 32), (-116, 32), (-116, 32), (1, 384), (1, 384), (13, 288), (13, 288), (-5, 288), (-5, 288), (1, 384), (1, 384), (-5, 288), (-5, 288), (13, 288), (13, 288), (-2, 768), (-2, 768), (1, 384), (1, 384), (19, 128), (19, 128), (-5, 288), (13, 288), (-2, 768), (-2, 768), (-2, 768), (-2, 768)]

EKR Property: True as ['Group has a clique of size n']

EKRM Property: None as []

Strict EKR Property: None as []

Abelian: False

Nilpotent: False

Primitive: False

