Transitive group number 240 of degree 12

Order: 2304

Transitivity: 1

Eigenvalues: [(1585, 1), (1, 576), (1, 576), (1, 576), (1, 576), (145, 2), (145, 2), (-719, 1), (-17, 24), (-17, 24), (1, 576), (1, 576), (49, 16), (49, 16), (1, 576), (1, 576), (49, 16), (49, 16), (1, 576), (-119, 16), (7, 192), (7, 192), (7, 192), (-17, 24), (1, 576), (1, 576), (17, 234), (17, 234), (-1, 864), (-1, 864), (31, 36), (-65, 36), (1, 576), (1, 576), (1, 576), (1, 576), (-15, 162), (-15, 162), (17, 234), (17, 234), (1, 576), (-7, 144), (-1, 864), (7, 192), (-1, 864), (-1, 864)]

EKR Property: True as ['Group has a clique of size n']

EKRM Property: None as []

Strict EKR Property: None as []

Abelian: False

Nilpotent: False

Primitive: False

