Transitive group number 248 of degree 12

Order: 2592

Transitivity: 1

Eigenvalues: [(1780, 1), (16, 8), (16, 8), (16, 8), (16, 8), (196, 2), (-812, 1), (196, 2), (88, 8), (-56, 8), (88, 8), (-56, 8), (16, 8), (-308, 4), (1, 512), (1, 512), (1, 512), (1, 512), (4, 640), (4, 640), (-14, 64), (22, 64), (4, 640), (-14, 64), (22, 64), (4, 640), (1, 512), (1, 512), (1, 512), (1, 512), (4, 640), (4, 640), (22, 64), (-14, 64), (4, 640), (4, 640), (-14, 64), (22, 64), (1, 512), (1, 512), (1, 512), (1, 512), (1, 512), (1, 512), (-8, 128), (-8, 128), (28, 64), (-44, 64), (-2, 1024), (-2, 1024), (-2, 1024), (-2, 1024), (4, 640), (4, 640)]

EKR Property: True as ['Group has a clique of size n']

EKRM Property: None as []

Strict EKR Property: None as []

Abelian: False

Nilpotent: False

Primitive: False

