Transitive group number 250 of degree 12

Order: 3072

Transitivity: 1

Eigenvalues: [(2109, 1), (1, 624), (1, 624), (-27, 6), (-27, 6), (1, 624), (1, 624), (189, 1), (1, 624), (-27, 6), (1, 624), (-387, 4), (1, 624), (1, 624), (5, 360), (5, 360), (9, 36), (9, 36), (45, 18), (45, 18), (1, 624), (1, 624), (-3, 360), (-3, 360), (-39, 18), (89, 18), (117, 9), (-267, 9), (-3, 360), (-3, 360), (9, 36), (9, 36), (5, 360), (5, 360), (-39, 18), (89, 18), (-1, 672), (-1, 672), (-9, 72), (-9, 72), (-1, 672), (-1, 672), (39, 36), (-89, 36), (-3, 360), (-15, 72), (5, 360), (-15, 72), (-1, 672), (-1, 672), (-1, 672), (15, 144), (-5, 288), (3, 288), (1, 624), (1, 624), (-3, 360), (-3, 360), (1, 624), (1, 624), (5, 360), (5, 360), (3, 288), (-5, 288), (-1, 672)]

EKR Property: True as ['Group has a clique of size n']

EKRM Property: None as []

Strict EKR Property: None as []

Abelian: False

Nilpotent: False

Primitive: False

