Transitive group number 260 of degree 12

Order: 4608

Transitivity: 1

Eigenvalues: [(3145, 1), (1, 720), (1, 720), (1, 720), (1, 720), (25, 164), (25, 164), (-1463, 1), (-5, 672), (-29, 24), (1, 720), (145, 4), (-5, 672), (-29, 24), (1, 720), (1, 720), (-35, 16), (-203, 16), (7, 96), (7, 96), (-5, 672), (-29, 24), (1, 720), (1, 720), (49, 32), (49, 32), (-1, 432), (-1, 432), (-1, 432), (-1, 432), (-25, 36), (15, 36), (87, 36), (-145, 36), (5, 288), (-3, 216), (-3, 216), (5, 288), (5, 288), (5, 288), (29, 72), (29, 72), (7, 96), (1, 720), (1, 720), (1, 720), (1, 720), (9, 162), (9, 162), (25, 164), (25, 164), (-1, 432), (-1, 432), (35, 144), (-21, 144), (5, 288), (-3, 216), (-7, 288), (-7, 288), (-5, 672), (3, 648), (-15, 324), (1, 720), (3, 648), (-5, 672)]

EKR Property: True as ['Group has a clique of size n']

EKRM Property: None as []

Strict EKR Property: None as []

Abelian: False

Nilpotent: False

Primitive: False

